4089
4139
103
159
312
141
113
116
171
62
144
154
154
141
122
425
129
129
166
150
63
198
61
66
171
111
90
73
118
141
64
113
96
130
66
101
51
79
51
128
34
89
49
99
90
61
60
54
56
52
73
51
60
417
70
57
99
40
62
42
53
51
73
43
106
67
26
69
58
65
72
134
155
125
68
44
68
60
73
134
77
84
83
67
545
69
144
54
128
102
59
162
35
61
60
126
80
136
84
48
98
40
79
44
107
44
52
37
67
73
54
254
86
40
111
68
486
47
42
59
68
51
50
60
38
45
37
64
55
97
205
34
49
65
68
48
79
135
76
166
69
63
49
108
70
46
81
92
89
128
68
92
122
125
99
139
69
190
61
96
131
423
105
97
133
94
166
59
120
40
97
67
157
98
82
109
121
480
202
229
208
280
259
346
371
227
320
158
153
602
211
195
249
189
45
56
40
64
33
31
43
53
81
101
30
46
62
48
51
180
305
175
411
294
558
275
600
452
398
83
58
47
396
65
50
61
70
74
60
50
89
98
70
55
67
58
64
122
47
60
71
49
194
125
42
84
59
56
46
202
62
111
56
64
44
51
72
441
76
106
149
146
263
215
149
129
50
44
33
272
49
52
58
84
43
336
100
96
33
67
80
56
66
126
44
57
63
75
43
34
150
95
91
81
96
47
55
138
111
149
52
33
37
49
51
98
60
31
70
126
50
46
56
39
376
40
31
28
53
61
66
63
83
41
46
403
71
160
117
72
322
184
39
152
69
31
163
33
62
85
52
82
97
70
61
67
36
145
49
59
29
36
29
31
95
49
39
126
132
122
29
58
72
107
61
83
61
32
152
41
55
57
36
114
67
34
94
55
53
42
34
56
65
63
92
62
62
49
67
50
170
98
60
43
78
64
74
99
71
74
