0.0
0.0
0.0
0.0
0.0
0.0
0.0
0.0
0.0
0.0
63.7
63.7
63.7
26.1
100.0
100.0
100.0
0.0
0.0
0.0
0.0
0.0
0.0
0.0
33.7
33.7
33.7
48.8
48.8
29.1
29.1
29.1
39.0
39.0
55.8
55.8
55.8
36.4
36.4
36.4
37.0
30.1
30.1
30.1
26.5
35.0
22.9
22.9
30.7
30.7
30.7
19.6
19.6
19.6
19.6
19.6
19.6
19.6
25.8
28.4
24.0
24.0
30.4
30.4
26.9
35.8
35.8
35.8
35.8
35.8
35.8
24.2
32.4
32.4
32.4
32.4
35.0
37.8
20.0
30.6
31.1
31.1
31.1
31.2
0.0
0.0
27.9
27.9
27.9
27.9
39.5
39.5
0.0
39.8
39.8
39.8
37.5
36.1
36.1
36.1
33.2
33.2
33.2
33.1
0.0
0.0
0.0
0.0
28.9
28.9
28.9
25.3
25.3
25.3
24.7
28.3
24.5
0.0
24.4
25.2
25.2
23.7
23.7
24.5
24.2
24.4
0.0
24.9
22.9
23.8
23.8
26.9
26.9
26.9
24.7
24.9
24.1
25.7
24.9
24.9
25.1
25.1
0.0
0.0
25.2
22.5
26.9
27.8
24.4
24.4
24.4
24.4
25.6
25.6
23.6
23.6
30.0
0.0
26.1
26.1
26.1
26.1
23.2
23.2
0.0
0.0
21.1
21.1
21.1
21.1
21.1
21.1
23.9
23.9
23.9
43.3
35.5
0.0
0.0
0.0
0.0
0.0
0.0
0.0
21.4
25.4
25.4
25.4
28.5
28.5
28.5
28.5
28.5
23.2
23.2
0.0
26.6
26.6
23.6
23.6
23.6
23.6
0.0
19.5
23.8
23.8
23.8
23.8
24.7
8.8
32.5
25.0
25.0
25.0
23.9
23.9
23.9
23.9
26.5
22.7
26.9
26.9
26.9
32.5
24.0
24.0
24.0
45.9
45.9
45.9
30.0
30.0
26.8
27.4
27.4
27.4
0.0
0.0
0.0
22.3
23.4
26.4
24.4
24.4
0.0
33.9
24.2
24.2
24.2
24.2
24.2
24.2
24.2
24.2
24.2
24.2
23.7
23.7
23.7
23.7
23.7
23.7
23.7
23.7
23.7
20.5
25.1
35.5
35.5
23.5
23.5
42.2
42.2
25.1
25.1
25.1
26.8
0.0
24.4
43.3
43.3
30.1
25.1
25.5
20.0
22.9
22.9
22.9
22.9
25.1
39.0
39.0
39.0
39.0
26.0
26.0
26.0
24.7
0.0
74.2
65.1
65.1
24.8
24.8
24.8
24.8
22.7
27.7
27.7
27.7
27.7
18.6
18.6
37.1
37.1
0.0
0.0
0.0
0.0
0.0
0.0
0.0
35.3
35.3
35.3
35.3
23.4
26.0
24.0
25.2
25.2
25.2
22.7
26.8
26.8
24.6
24.6
26.3
26.3
20.5
20.5
24.5
24.5
24.5
24.9
24.1
24.5
24.5
65.0
65.0
22.3
22.5
0.0
0.0
0.0
0.0
26.8
0.0
26.4
26.4
26.4
26.4
26.4
26.4
0.0
24.1
24.1
28.9
28.9
28.9
78.1
19.2
19.2
19.2
19.2
19.2
19.2
19.2
23.8
23.8
23.8
0.0
0.0
0.0
31.8
24.4
27.9
27.9
22.7
22.7
22.7
22.7
22.7
23.3
23.3
20.8
20.8
20.8
96.6
25.2
27.4
23.9
30.0
30.0
30.0
30.0
30.0
30.0
30.0
30.0
30.0
20.6
19.0
13.4
17.7
0.0
35.5
77.7
17.7
17.7
17.7
17.7
27.8
26.0
26.0
26.0
0.0
0.0
21.6
21.6
25.6
25.6
25.6
65.2
21.6
31.2
77.9
0.0
16.9
24.3
24.3
24.3
0.0
0.0
0.0
0.0
0.0
0.0
29.4
29.4
29.4
29.4
100.0
100.0
100.0
39.0
39.0
0.0
65.0
65.0
65.0
65.0
22.6
22.6
0.0
0.0
0.0
55.8
55.8
55.8
55.8
55.8
55.8
55.8
55.8
55.8
55.8
55.8
26.7
26.7
26.7
26.7
26.7
26.7
26.7
24.5
24.5
0.0
0.0
0.0
0.0
0.0
0.0
0.0
0.0
0.0
0.0
0.0
0.0
0.0
0.0
0.0
0.0
0.0
0.0
0.0
0.0
0.0
24.7
24.7
24.7
26.4
26.4
26.4
22.5
26.6
24.8
0.0
27.2
24.0
24.0
24.4
24.4
25.1
26.3
13.9
0.0
26.2
24.9
21.5
21.5
41.1
41.1
41.1
32.5
24.4
19.0
26.6
25.4
25.4
26.1
26.1
0.0
0.0
24.8
24.2
24.2
26.9
24.5
24.5
24.5
24.5
25.9
25.9
21.2
21.2
35.5
0.0
25.0
25.0
25.0
25.0
22.6
22.6
30.0
30.0
24.1
24.1
24.1
24.1
24.1
24.1
26.4
26.4
26.4
0.0
15.6
0.0
0.0
0.0
0.0
0.0
0.0
0.0
25.0
25.1
25.1
25.1
26.8
26.8
26.8
26.8
26.8
26.9
26.9
65.1
23.9
23.9
26.0
26.0
26.0
26.0
65.1
17.7
22.9
22.9
22.9
22.9
26.0
22.4
13.4
25.3
25.3
25.3
25.7
25.7
25.7
25.7
24.6
27.3
24.8
24.8
24.8
24.9
25.3
25.3
25.3
27.8
27.8
27.8
24.0
24.0
25.4
24.9
24.9
24.9
0.0
0.0
0.0
25.7
24.6
24.6
21.4
21.4
24.4
35.5
24.0
24.0
24.0
24.0
24.0
24.0
24.0
24.0
24.0
24.0
24.4
24.4
24.4
24.4
24.4
24.4
24.4
24.4
24.4
27.8
25.2
32.5
32.5
25.8
25.8
21.7
21.7
26.1
26.1
26.1
24.6
32.5
18.6
30.0
30.0
30.0
23.5
18.5
23.6
37.1
37.1
37.1
37.1
24.8
0.0
0.0
0.0
0.0
20.5
20.5
20.5
25.0
0.0
0.0
0.0
0.0
22.5
22.5
22.5
22.5
23.2
23.4
23.4
23.4
23.4
18.5
18.5
23.6
23.6
0.0
0.0
0.0
0.0
0.0
0.0
0.0
98.2
98.2
98.2
98.2
30.0
27.2
21.3
26.2
26.2
26.2
26.8
26.9
24.1
29.3
29.3
27.5
27.5
19.8
19.8
24.6
24.6
24.6
0.0
27.5
0.0
0.0
0.0
0.0
26.6
48.8
0.0
0.0
0.0
25.7
25.7
0.0
26.7
26.7
26.7
26.7
26.7
26.7
66.4
22.7
22.7
55.7
55.7
55.7
78.1
21.3
21.3
21.3
21.3
21.3
21.3
21.3
24.6
24.6
26.4
39.0
39.0
65.3
22.9
39.2
0.0
0.0
24.9
24.9
24.9
24.9
24.9
25.0
25.0
28.7
28.7
28.7
0.0
23.6
30.0
26.6
26.0
26.0
26.0
26.0
26.0
26.0
26.0
26.0
26.0
30.7
19.0
27.2
27.4
64.9
32.5
0.0
22.9
22.9
22.9
22.9
24.3
27.9
27.9
27.9
0.0
0.0
22.8
22.8
24.6
24.6
24.6
0.0
23.0
30.0
0.0
0.0
0.0
78.5
78.5
78.5
0.0
0.0
0.0
0.0
0.0
0.0
24.1
24.1
24.1
24.1
0.0
0.0
0.0
35.5
35.5
27.9
0.0
0.0
0.0
0.0
26.0
26.0
0.0
0.0
0.0
0.0
0.0
0.0
0.0
0.0
0.0
0.0
0.0
0.0
0.0
0.0
0.0
27.6
27.6
27.6
27.6
27.6
27.6
23.5
23.5
0.0
0.0
0.0
0.0
0.0
0.0
0.0
0.0
0.0
0.0
0.0
0.0
0.0
0.0
0.0
0.0
0.0
0.0
0.0
0.0
0.0
25.8
25.8
25.8
25.2
25.2
25.2
25.3
23.7
24.1
78.2
23.9
25.8
25.8
24.2
24.2
25.4
25.3
29.5
35.4
22.8
24.5
25.1
25.1
23.4
23.4
23.4
26.9
24.8
23.7
25.4
26.0
26.0
26.6
26.6
0.0
0.0
24.1
23.8
25.5
22.2
24.5
24.5
24.5
24.5
24.1
24.1
28.1
28.1
0.0
0.0
25.6
25.6
25.6
25.6
23.3
23.3
0.0
0.0
23.2
23.2
23.2
23.2
23.2
23.2
26.7
26.7
26.7
35.4
32.5
48.5
48.5
48.5
48.5
48.5
48.5
48.5
23.1
25.3
25.3
25.3
23.1
23.1
23.1
23.1
23.1
25.5
25.5
65.1
28.1
28.1
24.5
24.5
24.5
24.5
0.0
19.5
26.0
26.0
26.0
26.0
25.7
21.3
34.4
22.1
22.1
22.1
25.3
25.3
25.3
25.3
24.8
23.9
23.3
23.3
23.3
26.1
25.6
25.6
25.6
31.7
31.7
31.7
22.0
22.0
25.3
31.8
31.8
31.8
0.0
0.0
0.0
24.8
22.1
25.2
25.7
24.2
35.4
39.0
24.9
24.9
24.9
24.9
24.9
24.9
24.9
24.9
24.9
24.9
25.2
25.2
25.2
25.2
25.2
25.2
25.2
25.2
25.2
28.5
25.5
35.5
35.5
21.1
21.1
32.6
32.6
23.3
23.3
23.3
22.4
0.0
0.0
0.0
0.0
0.0
24.8
27.6
24.4
0.0
0.0
0.0
0.0
29.3
100.0
100.0
100.0
100.0
0.0
0.0
0.0
25.7
0.0
0.0
100.0
100.0
28.9
28.9
28.9
28.9
18.1
26.3
26.3
26.3
26.3
39.1
39.1
30.0
30.0
100.0
100.0
100.0
100.0
100.0
100.0
100.0
0.0
0.0
0.0
0.0
30.0
24.4
20.5
25.6
25.6
25.6
25.2
16.2
50.9
19.0
19.0
22.3
22.3
20.5
20.5
23.9
23.9
23.9
24.4
25.8
24.3
24.3
65.0
65.0
20.5
30.8
78.1
96.7
96.7
96.7
25.3
0.0
22.6
22.6
22.6
22.6
22.6
22.6
65.0
25.2
25.2
78.1
78.1
78.1
78.1
22.5
22.5
22.5
22.5
22.5
22.5
22.5
24.5
24.5
25.1
20.5
20.5
0.0
28.4
35.5
0.0
0.0
26.5
26.5
26.5
26.5
26.5
25.8
25.8
25.7
25.7
25.7
65.1
23.2
20.5
26.7
23.9
23.9
23.9
23.9
23.9
23.9
23.9
23.9
23.9
28.5
16.6
15.0
25.3
0.0
35.5
64.5
22.3
22.3
22.3
22.3
22.9
24.4
24.4
24.4
0.0
0.0
35.4
35.4
25.6
25.6
25.6
78.1
31.2
41.1
0.0
0.0
26.0
18.6
18.6
18.6
31.6
0.0
0.0
0.0
0.0
0.0
25.7
25.7
25.7
25.7
0.0
0.0
0.0
32.5
32.5
26.0
35.5
35.5
35.5
35.5
25.8
25.8
20.0
0.0
0.0
21.7
21.7
21.7
21.7
21.7
21.7
21.7
21.7
21.7
21.7
21.7
21.7
29.0
29.0
29.0
29.0
29.0
29.0
23.3
23.3
65.1
65.1
65.1
65.1
65.1
65.1
65.1
65.1
65.1
65.1
65.1
65.1
65.1
65.1
65.1
32.5
32.5
32.5
32.5
32.5
32.5
23.9
23.9
23.9
25.0
25.0
25.0
24.8
28.1
24.2
0.0
